F(4) = 0.12326120469381273
F(5) = 0.11452384823437867
F(6) = 0.10234713277064648
F(7) = 0.09838059315041724
F(8) = 0.10735295043063423
F(9) = 0.11480711840508362
F(10) = 0.11495739382164587
F(11) = 0.11166805763051246
F(12) = 0.12762801514196748
F(13) = 0.12187185468203925
F(14) = 0.12443190480430935
F(15) = 0.12540715974434938
F(16) = 0.1325213066918114
F(17) = 0.1291842875078357
F(18) = 0.1305110629749449
F(19) = 0.13686487754839205
F(20) = 0.15476382971014851
F(21) = 0.16201178881056133
F(22) = 0.17575806252020962
F(23) = 0.1997162699609005
F(24) = 0.21597403982259866
F(25) = 0.23158482830971175
