F(4) = 0.14049852682992875
F(5) = 0.15286412949981354
F(6) = 0.16476216931059962
F(7) = 0.17679616069929244
F(8) = 0.188252094828579
F(9) = 0.19846604130177858
F(10) = 0.20816142002563184
F(11) = 0.2177856996712324
F(12) = 0.22578151232852114
F(13) = 0.23378581173378168
F(14) = 0.24153676509482505
F(15) = 0.24944004581354556
F(16) = 0.25764136623555167
F(17) = 0.26614821996943716
F(18) = 0.2751476108705985
F(19) = 0.2847119463525407
F(20) = 0.2944884906617589
F(21) = 0.30449504454935017
F(22) = 0.3144903416496082
F(23) = 0.32404479434641664
F(24) = 0.3331813377897273
F(25) = 0.3417753840554944
